

----------------------------------------------------
STRUCTURE by Pritchard, Stephens and Donnelly (2000)
     and Falush, Stephens and Pritchard (2003)
       Code by Pritchard, Falush and Hubisz
             Version 2.3.4 (Jul 2012)
----------------------------------------------------



Command line arguments:   structure -m mainparams -K 10 -o /home/janderso/kaltendo/structure/structure_gatk/outfiles_gatk/outfile_k10_rep5 
Input File:    /home/janderso/kaltendo/structure/structure_gatk/WGN_structure.txt

Run parameters:
   1168 individuals
   8000 loci
   10 populations assumed
   25000 Burn-in period
   75000 Reps


--------------------------------------------
Proportion of membership of each pre-defined
 population in each of the 10 clusters

Given    Inferred Clusters                                                        Number of
 Pop       1      2      3      4      5      6      7      8      9     10      Individuals

  1:     0.135  0.077  0.079  0.079  0.081  0.244  0.080  0.077  0.073  0.076      1168
--------------------------------------------

Allele-freq. divergence among pops (Net nucleotide distance),
computed using point estimates of P.

      1       2       3       4       5       6       7       8       9      10      
 1      -    0.0461  0.0369  0.0377  0.0481  0.1477  0.0597  0.0419  0.0494  0.0408  
 2   0.0461     -    0.0546  0.0560  0.0577  0.1420  0.0624  0.0579  0.0542  0.0520  
 3   0.0369  0.0546     -    0.0399  0.0456  0.1527  0.0587  0.0492  0.0519  0.0519  
 4   0.0377  0.0560  0.0399     -    0.0489  0.1489  0.0594  0.0432  0.0548  0.0503  
 5   0.0481  0.0577  0.0456  0.0489     -    0.1618  0.0607  0.0375  0.0550  0.0524  
 6   0.1477  0.1420  0.1527  0.1489  0.1618     -    0.1670  0.1483  0.1584  0.1490  
 7   0.0597  0.0624  0.0587  0.0594  0.0607  0.1670     -    0.0616  0.0430  0.0627  
 8   0.0419  0.0579  0.0492  0.0432  0.0375  0.1483  0.0616     -    0.0511  0.0420  
 9   0.0494  0.0542  0.0519  0.0548  0.0550  0.1584  0.0430  0.0511     -    0.0537  
10   0.0408  0.0520  0.0519  0.0503  0.0524  0.1490  0.0627  0.0420  0.0537     -    

Average distances (expected heterozygosity) between individuals in same cluster:
cluster  1  : 0.2218 
cluster  2  : 0.2085 
cluster  3  : 0.2263 
cluster  4  : 0.2046 
cluster  5  : 0.2240 
cluster  6  : 0.0500 
cluster  7  : 0.2312 
cluster  8  : 0.2178 
cluster  9  : 0.2239 
cluster 10  : 0.2087 

--------------------------------------------
Estimated Ln Prob of Data   = -6396837.7
Mean value of ln likelihood = -6382017.8
Variance of ln likelihood   = 29639.8
Mean value of alpha         = 0.0280

Mean value of Fst_1         = 0.2623
Mean value of Fst_2         = 0.3558
Mean value of Fst_3         = 0.2718
Mean value of Fst_4         = 0.3336
Mean value of Fst_5         = 0.3052
Mean value of Fst_6         = 0.8856
Mean value of Fst_7         = 0.3230
Mean value of Fst_8         = 0.2884
Mean value of Fst_9         = 0.3051
Mean value of Fst_10         = 0.3333


Inferred ancestry of individuals:
        Label (%Miss) Pop:  Inferred clusters
  1 WGN07C01    (0)    1 :  0.000 0.000 0.000 0.675 0.000 0.324 0.000 0.000 0.000 0.000 
  2 WGN07C02    (0)    1 :  0.000 0.000 0.000 0.733 0.000 0.266 0.000 0.000 0.000 0.000 
  3 WGN07C03    (0)    1 :  0.000 0.000 0.000 0.718 0.000 0.282 0.000 0.000 0.000 0.000 
  4 WGN07C04    (0)    1 :  0.000 0.000 0.000 0.661 0.000 0.339 0.000 0.000 0.000 0.000 
  5 WGN07C05    (0)    1 :  0.000 0.000 0.000 0.795 0.000 0.205 0.000 0.000 0.000 0.000 
  6 WGN07C06    (0)    1 :  0.000 0.000 0.000 0.712 0.000 0.288 0.000 0.000 0.000 0.000 
  7 WGN07C07    (0)    1 :  0.000 0.000 0.000 0.751 0.000 0.248 0.000 0.000 0.000 0.000 
  8 WGN07C08    (0)    1 :  0.000 0.000 0.000 0.711 0.000 0.288 0.000 0.000 0.000 0.000 
  9 WGN07C09    (0)    1 :  0.000 0.000 0.000 0.779 0.000 0.221 0.000 0.000 0.000 0.000 
 10 WGN07C11    (0)    1 :  0.000 0.000 0.000 0.769 0.000 0.231 0.000 0.000 0.000 0.000 
 11 WGN07C12    (0)    1 :  0.000 0.000 0.000 0.726 0.000 0.274 0.000 0.000 0.000 0.000 
 12 WGN07C13    (0)    1 :  0.000 0.000 0.000 0.768 0.000 0.231 0.000 0.000 0.000 0.000 
 13 WGN07C14    (0)    1 :  0.000 0.000 0.000 0.835 0.000 0.164 0.000 0.000 0.000 0.000 
 14 WGN07C15    (0)    1 :  0.000 0.000 0.000 0.732 0.000 0.268 0.000 0.000 0.000 0.000 
 15 WGN07C16    (0)    1 :  0.000 0.000 0.000 0.715 0.000 0.285 0.000 0.000 0.000 0.000 
 16 WGN07C17    (0)    1 :  0.000 0.000 0.000 0.755 0.000 0.245 0.000 0.000 0.000 0.000 
 17 WGN07C18    (0)    1 :  0.000 0.000 0.000 0.758 0.000 0.242 0.000 0.000 0.000 0.000 
 18 WGN07C19    (0)    1 :  0.000 0.000 0.000 0.746 0.000 0.254 0.000 0.000 0.000 0.000 
 19 WGN07C20    (0)    1 :  0.000 0.000 0.000 0.680 0.000 0.319 0.000 0.000 0.000 0.000 
 20 WGN07C21    (0)    1 :  0.000 0.000 0.000 0.727 0.000 0.272 0.000 0.000 0.000 0.000 
 21 WGN07C24    (0)    1 :  0.000 0.000 0.000 0.736 0.000 0.263 0.000 0.000 0.000 0.000 
 22 WGN07C25    (0)    1 :  0.000 0.000 0.000 0.831 0.000 0.168 0.000 0.000 0.000 0.000 
 23 WGN07C27    (0)    1 :  0.000 0.000 0.000 0.801 0.000 0.198 0.000 0.000 0.000 0.000 
 24 WGN07C28    (0)    1 :  0.000 0.000 0.000 0.721 0.013 0.266 0.000 0.000 0.000 0.000 
 25 WGN07C29    (0)    1 :  0.000 0.000 0.000 0.784 0.000 0.216 0.000 0.000 0.000 0.000 
 26 WGN07C30    (0)    1 :  0.000 0.000 0.000 0.719 0.000 0.280 0.000 0.000 0.000 0.000 
 27 WGN07C32    (0)    1 :  0.000 0.000 0.000 0.764 0.000 0.235 0.000 0.000 0.000 0.000 
 28 WGN07C34    (0)    1 :  0.000 0.000 0.000 0.738 0.000 0.262 0.000 0.000 0.000 0.000 
 29 WGN07C35    (0)    1 :  0.000 0.000 0.000 0.850 0.000 0.150 0.000 0.000 0.000 0.000 
 30 WGN07C36    (0)    1 :  0.000 0.000 0.000 0.787 0.000 0.213 0.000 0.000 0.000 0.000 
 31 WGN07C37    (0)    1 :  0.000 0.000 0.000 0.823 0.000 0.176 0.000 0.000 0.000 0.000 
 32 WGN07C38    (0)    1 :  0.000 0.000 0.000 0.873 0.000 0.126 0.000 0.000 0.000 0.000 
 33 WGN07C39    (0)    1 :  0.000 0.000 0.000 0.730 0.000 0.269 0.000 0.000 0.000 0.000 
 34 WGN07C40    (0)    1 :  0.000 0.000 0.000 0.761 0.000 0.239 0.000 0.000 0.000 0.000 
 35 WGN07C41    (0)    1 :  0.000 0.000 0.000 0.757 0.000 0.242 0.000 0.000 0.000 0.000 
 36 WGN07C42    (0)    1 :  0.000 0.000 0.000 0.768 0.000 0.232 0.000 0.000 0.000 0.000 
 37 WGN07C43    (0)    1 :  0.000 0.000 0.000 0.748 0.000 0.252 0.000 0.000 0.000 0.000 
 38 WGN07C44    (0)    1 :  0.000 0.000 0.000 0.757 0.000 0.242 0.000 0.000 0.000 0.000 
 39 WGN07C45    (0)    1 :  0.000 0.000 0.000 0.776 0.000 0.223 0.000 0.000 0.000 0.000 
 40 WGN07C46    (0)    1 :  0.000 0.000 0.000 0.791 0.000 0.209 0.000 0.000 0.000 0.000 
 41 WGN07C47    (0)    1 :  0.000 0.000 0.000 0.778 0.000 0.221 0.000 0.000 0.000 0.000 
 42 WGN07C48    (0)    1 :  0.000 0.000 0.000 0.791 0.000 0.208 0.000 0.000 0.000 0.000 
 43 WGN07C49    (0)    1 :  0.000 0.000 0.000 0.802 0.000 0.198 0.000 0.000 0.000 0.000 
 44 WGN07C50    (0)    1 :  0.000 0.000 0.000 0.739 0.000 0.261 0.000 0.000 0.000 0.000 
 45 WGN07C51    (0)    1 :  0.000 0.000 0.000 0.701 0.000 0.299 0.000 0.000 0.000 0.000 
 46 WGN07C52    (0)    1 :  0.000 0.000 0.000 0.762 0.000 0.238 0.000 0.000 0.000 0.000 
 47 WGN07C53    (0)    1 :  0.000 0.000 0.000 0.755 0.000 0.244 0.000 0.000 0.000 0.000 
 48 WGN07C54    (0)    1 :  0.000 0.000 0.000 0.769 0.000 0.230 0.000 0.000 0.000 0.000 
 49 WGN07C55    (0)    1 :  0.000 0.000 0.000 0.745 0.000 0.254 0.000 0.000 0.000 0.000 
 50 WGN07C56    (0)    1 :  0.000 0.000 0.001 0.653 0.000 0.344 0.000 0.000 0.000 0.000 
 51 WGN07C57    (0)    1 :  0.000 0.000 0.000 0.782 0.000 0.218 0.000 0.000 0.000 0.000 
 52 WGN07C58    (0)    1 :  0.000 0.000 0.000 0.748 0.000 0.251 0.000 0.000 0.000 0.000 
 53 WGN07C59    (0)    1 :  0.000 0.000 0.000 0.824 0.000 0.176 0.000 0.000 0.000 0.000 
 54 WGN07C60    (0)    1 :  0.000 0.000 0.000 0.873 0.000 0.126 0.000 0.000 0.000 0.000 
 55 WGN07C61    (0)    1 :  0.000 0.000 0.000 0.686 0.000 0.314 0.000 0.000 0.000 0.000 
 56 WGN07C62    (0)    1 :  0.000 0.000 0.000 0.865 0.000 0.134 0.000 0.000 0.000 0.000 
 57 WGN07C63    (0)    1 :  0.000 0.000 0.000 0.731 0.000 0.269 0.000 0.000 0.000 0.000 
 58 WGN07C64    (0)    1 :  0.000 0.000 0.000 0.850 0.000 0.150 0.000 0.000 0.000 0.000 
 59 WGN07C65    (0)    1 :  0.000 0.000 0.000 0.824 0.000 0.176 0.000 0.000 0.000 0.000 
 60 WGN07D01    (0)    1 :  0.000 0.000 0.000 0.729 0.000 0.271 0.000 0.000 0.000 0.000 
 61 WGN07D02    (0)    1 :  0.000 0.000 0.000 0.728 0.000 0.272 0.000 0.000 0.000 0.000 
 62 WGN07D03    (0)    1 :  0.000 0.000 0.000 0.721 0.000 0.278 0.000 0.000 0.000 0.000 
 63 WGN07D04    (0)    1 :  0.000 0.000 0.000 0.793 0.000 0.206 0.000 0.000 0.000 0.000 
 64 WGN07D05    (0)    1 :  0.000 0.000 0.000 0.756 0.000 0.244 0.000 0.000 0.000 0.000 
 65 WGN07D06    (0)    1 :  0.000 0.000 0.000 0.657 0.000 0.343 0.000 0.000 0.000 0.000 
 66 WGN07D08    (0)    1 :  0.000 0.000 0.000 0.816 0.000 0.183 0.000 0.000 0.000 0.000 
 67 WGN07D09    (0)    1 :  0.000 0.000 0.000 0.697 0.000 0.303 0.000 0.000 0.000 0.000 
 68 WGN07D10    (0)    1 :  0.000 0.000 0.000 0.748 0.000 0.252 0.000 0.000 0.000 0.000 
 69 WGN07D11    (0)    1 :  0.000 0.000 0.000 0.750 0.000 0.249 0.000 0.000 0.000 0.000 
 70 WGN07D12    (0)    1 :  0.000 0.000 0.000 0.789 0.000 0.210 0.000 0.000 0.000 0.000 
 71 WGN07D13    (0)    1 :  0.000 0.000 0.000 0.791 0.000 0.209 0.000 0.000 0.000 0.000 
 72 WGN07D14    (0)    1 :  0.000 0.000 0.000 0.774 0.000 0.226 0.000 0.000 0.000 0.000 
 73 WGN07D15    (0)    1 :  0.000 0.000 0.000 0.777 0.000 0.223 0.000 0.000 0.000 0.000 
 74 WGN07D16    (0)    1 :  0.000 0.000 0.000 0.713 0.000 0.287 0.000 0.000 0.000 0.000 
 75 WGN07D17    (0)    1 :  0.000 0.000 0.000 0.801 0.000 0.199 0.000 0.000 0.000 0.000 
 76 WGN07D18    (0)    1 :  0.000 0.000 0.000 0.828 0.000 0.172 0.000 0.000 0.000 0.000 
 77 WGN07D19    (0)    1 :  0.000 0.000 0.000 0.793 0.000 0.207 0.000 0.000 0.000 0.000 
 78 WGN07D20    (0)    1 :  0.000 0.000 0.000 0.707 0.000 0.293 0.000 0.000 0.000 0.000 
 79 WGN07D21    (0)    1 :  0.000 0.000 0.000 0.766 0.000 0.233 0.000 0.000 0.000 0.000 
 80 WGN07D22    (0)    1 :  0.000 0.000 0.000 0.724 0.000 0.276 0.000 0.000 0.000 0.000 
 81 WGN07D23    (0)    1 :  0.000 0.000 0.000 0.710 0.000 0.290 0.000 0.000 0.000 0.000 
 82 WGN07D24    (0)    1 :  0.000 0.000 0.000 0.695 0.000 0.305 0.000 0.000 0.000 0.000 
 83 WGN07D25    (0)    1 :  0.000 0.000 0.000 0.772 0.000 0.228 0.000 0.000 0.000 0.000 
 84 WGN07D26    (0)    1 :  0.000 0.000 0.000 0.721 0.000 0.279 0.000 0.000 0.000 0.000 
 85 WGN07D27    (0)    1 :  0.000 0.000 0.000 0.681 0.000 0.319 0.000 0.000 0.000 0.000 
 86 WGN07D28    (0)    1 :  0.000 0.000 0.000 0.775 0.000 0.225 0.000 0.000 0.000 0.000 
 87 WGN07D29    (0)    1 :  0.000 0.000 0.000 0.797 0.000 0.202 0.000 0.000 0.000 0.000 
 88 WGN07D30    (0)    1 :  0.000 0.000 0.000 0.741 0.000 0.259 0.000 0.000 0.000 0.000 
 89 WGN07D31    (0)    1 :  0.000 0.000 0.000 0.757 0.000 0.243 0.000 0.000 0.000 0.000 
 90 WGN07D32    (0)    1 :  0.000 0.000 0.000 0.751 0.000 0.249 0.000 0.000 0.000 0.000 
 91 WGN07D33    (0)    1 :  0.000 0.000 0.000 0.773 0.000 0.227 0.000 0.000 0.000 0.000 
 92 WGN07D34    (0)    1 :  0.000 0.000 0.000 0.721 0.000 0.279 0.000 0.000 0.000 0.000 
 93 WGN07D36    (0)    1 :  0.000 0.000 0.000 0.741 0.000 0.258 0.000 0.000 0.000 0.000 
 94 WGN07D37    (0)    1 :  0.000 0.000 0.000 0.762 0.000 0.237 0.000 0.000 0.000 0.000 
 95 WGN07D38    (0)    1 :  0.000 0.000 0.000 0.712 0.000 0.287 0.000 0.000 0.000 0.000 
 96 WGN07D39    (0)    1 :  0.000 0.000 0.000 0.819 0.000 0.181 0.000 0.000 0.000 0.000 
 97 WGN07D40    (0)    1 :  0.000 0.000 0.000 0.735 0.000 0.265 0.000 0.000 0.000 0.000 
 98 WGN07D41    (0)    1 :  0.000 0.000 0.000 0.787 0.000 0.213 0.000 0.000 0.000 0.000 
 99 WGN07D42    (0)    1 :  0.000 0.001 0.000 0.774 0.000 0.225 0.000 0.000 0.000 0.000 
100 WGN07D43    (0)    1 :  0.000 0.000 0.000 0.778 0.000 0.221 0.000 0.000 0.000 0.000 
101 WGN07D44    (0)    1 :  0.000 0.000 0.000 0.849 0.000 0.151 0.000 0.000 0.000 0.000 
102 WGN07D45    (0)    1 :  0.000 0.000 0.000 0.729 0.000 0.271 0.000 0.000 0.000 0.000 
103 WGN07D46    (0)    1 :  0.000 0.000 0.000 0.738 0.000 0.261 0.000 0.000 0.000 0.000 
104 WGN07D47    (0)    1 :  0.000 0.000 0.000 0.719 0.000 0.280 0.000 0.000 0.000 0.000 
105 WGN07D48    (0)    1 :  0.000 0.000 0.000 0.744 0.000 0.256 0.000 0.000 0.000 0.000 
106 WGN07D49    (0)    1 :  0.000 0.000 0.000 0.746 0.000 0.253 0.000 0.000 0.000 0.000 
107 WGN07D50    (0)    1 :  0.000 0.000 0.000 0.793 0.000 0.207 0.000 0.000 0.000 0.000 
108 WGN07D51    (0)    1 :  0.000 0.000 0.000 0.745 0.000 0.254 0.000 0.000 0.000 0.000 
109 WGN07D52    (0)    1 :  0.000 0.000 0.000 0.791 0.000 0.208 0.000 0.000 0.000 0.000 
110 WGN07D53    (0)    1 :  0.000 0.000 0.000 0.824 0.000 0.175 0.000 0.000 0.000 0.000 
111 WGN07D54    (0)    1 :  0.000 0.000 0.000 0.755 0.000 0.245 0.000 0.000 0.000 0.000 
112 WGN07D55    (0)    1 :  0.000 0.000 0.000 0.794 0.000 0.205 0.000 0.000 0.000 0.000 
113 WGN07D56    (0)    1 :  0.000 0.000 0.000 0.796 0.000 0.204 0.000 0.000 0.000 0.000 
114 WGN07D57    (0)    1 :  0.000 0.000 0.000 0.799 0.000 0.200 0.000 0.000 0.000 0.000 
115 WGN07D58    (0)    1 :  0.000 0.000 0.000 0.756 0.000 0.243 0.000 0.000 0.000 0.000 
116 WGN07D59    (0)    1 :  0.000 0.000 0.000 0.746 0.000 0.252 0.000 0.001 0.000 0.000 
117 WGN07D60    (0)    1 :  0.000 0.000 0.000 0.713 0.000 0.286 0.000 0.000 0.000 0.000 
118 WGN07D62    (0)    1 :  0.000 0.000 0.000 0.758 0.000 0.240 0.000 0.002 0.000 0.000 
119 WGN07D63    (0)    1 :  0.000 0.000 0.000 0.759 0.000 0.240 0.000 0.000 0.000 0.000 
120 WGN07D64    (0)    1 :  0.000 0.000 0.000 0.739 0.000 0.260 0.000 0.000 0.000 0.000 
121 WGN07D65    (0)    1 :  0.000 0.000 0.000 0.683 0.000 0.316 0.000 0.000 0.000 0.000 
122 WGN15C01    (0)    1 :  0.000 0.000 0.000 0.000 0.000 0.235 0.000 0.000 0.000 0.765 
123 WGN15C02    (0)    1 :  0.000 0.000 0.000 0.000 0.000 0.243 0.000 0.000 0.000 0.757 
124 WGN15C03    (0)    1 :  0.000 0.000 0.000 0.000 0.000 0.280 0.000 0.000 0.000 0.719 
125 WGN15C04    (0)    1 :  0.000 0.000 0.000 0.000 0.000 0.281 0.000 0.000 0.000 0.718 
126 WGN15C05    (0)    1 :  0.000 0.000 0.000 0.000 0.000 0.293 0.000 0.000 0.000 0.707 
127 WGN15C06    (0)    1 :  0.000 0.000 0.000 0.000 0.000 0.318 0.000 0.000 0.000 0.682 
128 WGN15C08    (0)    1 :  0.000 0.000 0.000 0.000 0.000 0.287 0.000 0.000 0.000 0.713 
129 WGN15C09    (0)    1 :  0.000 0.000 0.000 0.000 0.000 0.244 0.000 0.000 0.000 0.756 
130 WGN15C10    (0)    1 :  0.000 0.000 0.000 0.000 0.000 0.195 0.000 0.000 0.000 0.805 
131 WGN15C11    (0)    1 :  0.000 0.000 0.000 0.000 0.000 0.291 0.000 0.000 0.000 0.709 
132 WGN15C12    (0)    1 :  0.000 0.000 0.000 0.000 0.000 0.262 0.000 0.000 0.000 0.737 
133 WGN15C13    (0)    1 :  0.000 0.000 0.000 0.000 0.000 0.251 0.000 0.000 0.000 0.749 
134 WGN15C14    (0)    1 :  0.000 0.000 0.000 0.000 0.000 0.234 0.000 0.000 0.000 0.766 
135 WGN15C15    (0)    1 :  0.000 0.000 0.000 0.000 0.000 0.257 0.000 0.000 0.000 0.742 
136 WGN15C16    (0)    1 :  0.000 0.000 0.000 0.000 0.000 0.192 0.000 0.000 0.000 0.807 
137 WGN15C17    (0)    1 :  0.000 0.000 0.000 0.000 0.000 0.246 0.000 0.000 0.000 0.754 
138 WGN15C18    (0)    1 :  0.000 0.000 0.000 0.000 0.000 0.203 0.000 0.000 0.000 0.797 
139 WGN15C19    (0)    1 :  0.000 0.000 0.000 0.000 0.000 0.209 0.000 0.000 0.000 0.791 
140 WGN15C21    (0)    1 :  0.000 0.000 0.000 0.000 0.000 0.303 0.000 0.000 0.000 0.697 
141 WGN15C22    (0)    1 :  0.000 0.000 0.000 0.000 0.000 0.256 0.000 0.000 0.000 0.744 
142 WGN15C23    (0)    1 :  0.000 0.000 0.000 0.000 0.000 0.206 0.000 0.000 0.000 0.794 
143 WGN15C24    (0)    1 :  0.000 0.000 0.000 0.000 0.000 0.296 0.000 0.000 0.000 0.704 
144 WGN15C27    (0)    1 :  0.000 0.000 0.000 0.000 0.000 0.281 0.000 0.000 0.000 0.719 
145 WGN15C28    (0)    1 :  0.000 0.000 0.000 0.000 0.000 0.244 0.000 0.000 0.000 0.755 
146 WGN15C29    (0)    1 :  0.000 0.000 0.000 0.000 0.000 0.337 0.000 0.000 0.000 0.663 
147 WGN15C30    (0)    1 :  0.000 0.000 0.000 0.000 0.000 0.213 0.000 0.000 0.000 0.787 
148 WGN15C31    (0)    1 :  0.000 0.000 0.000 0.000 0.000 0.337 0.000 0.000 0.000 0.663 
149 WGN15C32    (0)    1 :  0.000 0.000 0.000 0.000 0.000 0.252 0.000 0.000 0.000 0.748 
150 WGN15C33    (0)    1 :  0.000 0.000 0.000 0.000 0.000 0.255 0.000 0.000 0.000 0.745 
151 WGN15C34    (0)    1 :  0.000 0.000 0.000 0.000 0.000 0.241 0.000 0.000 0.000 0.758 
152 WGN15C35    (0)    1 :  0.000 0.000 0.000 0.000 0.000 0.295 0.000 0.000 0.000 0.705 
153 WGN15C36    (0)    1 :  0.000 0.000 0.000 0.000 0.000 0.329 0.000 0.000 0.000 0.670 
154 WGN15C37    (0)    1 :  0.000 0.000 0.000 0.000 0.000 0.146 0.000 0.000 0.000 0.854 
155 WGN15C38    (0)    1 :  0.000 0.000 0.000 0.000 0.000 0.266 0.000 0.000 0.000 0.734 
156 WGN15C39    (0)    1 :  0.000 0.000 0.000 0.000 0.000 0.319 0.000 0.000 0.000 0.681 
157 WGN15C40    (0)    1 :  0.000 0.000 0.000 0.000 0.000 0.278 0.000 0.000 0.000 0.722 
158 WGN15C41    (0)    1 :  0.000 0.000 0.000 0.000 0.000 0.291 0.000 0.000 0.000 0.708 
159 WGN15C42    (0)    1 :  0.000 0.000 0.000 0.000 0.000 0.212 0.000 0.000 0.000 0.788 
160 WGN15C43    (0)    1 :  0.000 0.000 0.000 0.000 0.000 0.167 0.000 0.000 0.000 0.832 
161 WGN15C44    (0)    1 :  0.000 0.000 0.000 0.000 0.000 0.264 0.000 0.000 0.000 0.735 
162 WGN15C45    (0)    1 :  0.000 0.000 0.000 0.000 0.000 0.245 0.000 0.000 0.000 0.755 
163 WGN15C46    (0)    1 :  0.000 0.000 0.000 0.000 0.000 0.284 0.000 0.000 0.000 0.715 
164 WGN15C47    (0)    1 :  0.000 0.000 0.000 0.000 0.000 0.184 0.000 0.000 0.000 0.815 
165 WGN15C48    (0)    1 :  0.000 0.000 0.000 0.000 0.000 0.179 0.000 0.001 0.000 0.819 
166 WGN15C49    (0)    1 :  0.000 0.000 0.000 0.000 0.000 0.281 0.000 0.000 0.000 0.719 
167 WGN15C50    (0)    1 :  0.000 0.000 0.000 0.000 0.000 0.248 0.000 0.000 0.000 0.752 
168 WGN15C51    (0)    1 :  0.000 0.000 0.000 0.000 0.000 0.261 0.000 0.000 0.000 0.738 
169 WGN15C52    (0)    1 :  0.000 0.000 0.000 0.000 0.000 0.252 0.000 0.000 0.000 0.747 
170 WGN15C54    (0)    1 :  0.000 0.000 0.000 0.020 0.000 0.290 0.000 0.000 0.000 0.690 
171 WGN15C55    (0)    1 :  0.001 0.000 0.000 0.002 0.000 0.238 0.000 0.002 0.000 0.757 
172 WGN15C56    (0)    1 :  0.000 0.000 0.000 0.000 0.000 0.167 0.000 0.000 0.000 0.832 
173 WGN15C57    (0)    1 :  0.000 0.000 0.000 0.000 0.000 0.294 0.000 0.000 0.000 0.706 
174 WGN15C58    (0)    1 :  0.000 0.000 0.000 0.000 0.000 0.206 0.000 0.000 0.000 0.793 
175 WGN15C59    (0)    1 :  0.000 0.000 0.000 0.000 0.000 0.293 0.000 0.000 0.000 0.707 
176 WGN15C60    (0)    1 :  0.000 0.000 0.000 0.000 0.000 0.271 0.000 0.000 0.000 0.728 
177 WGN15C61    (0)    1 :  0.000 0.000 0.000 0.000 0.000 0.283 0.000 0.000 0.000 0.717 
178 WGN15C62    (0)    1 :  0.000 0.000 0.000 0.001 0.000 0.274 0.000 0.000 0.000 0.725 
179 WGN15C63    (0)    1 :  0.000 0.000 0.000 0.000 0.000 0.283 0.000 0.000 0.000 0.717 
180 WGN15C64    (0)    1 :  0.000 0.000 0.000 0.000 0.000 0.212 0.000 0.000 0.000 0.787 
181 WGN15C65    (0)    1 :  0.000 0.000 0.000 0.000 0.000 0.237 0.000 0.000 0.000 0.763 
182 WGN15D01    (0)    1 :  0.000 0.000 0.000 0.000 0.000 0.286 0.000 0.000 0.000 0.714 
183 WGN15D04    (0)    1 :  0.000 0.000 0.000 0.000 0.000 0.270 0.000 0.000 0.000 0.729 
184 WGN15D05    (0)    1 :  0.000 0.000 0.000 0.000 0.000 0.281 0.000 0.000 0.000 0.718 
185 WGN15D06    (0)    1 :  0.000 0.000 0.000 0.000 0.000 0.228 0.000 0.000 0.000 0.772 
186 WGN15D07    (0)    1 :  0.000 0.000 0.000 0.000 0.000 0.263 0.000 0.000 0.000 0.737 
187 WGN15D08    (0)    1 :  0.000 0.000 0.000 0.000 0.000 0.293 0.000 0.000 0.000 0.707 
188 WGN15D09    (0)    1 :  0.000 0.000 0.000 0.000 0.000 0.217 0.000 0.000 0.000 0.783 
189 WGN15D10    (0)    1 :  0.000 0.000 0.000 0.000 0.000 0.309 0.000 0.000 0.000 0.690 
190 WGN15D11    (0)    1 :  0.000 0.000 0.000 0.000 0.000 0.201 0.000 0.000 0.000 0.798 
191 WGN15D12    (0)    1 :  0.000 0.000 0.000 0.000 0.000 0.266 0.000 0.000 0.000 0.734 
192 WGN15D13    (0)    1 :  0.000 0.000 0.000 0.000 0.000 0.237 0.000 0.000 0.000 0.762 
193 WGN15D14    (0)    1 :  0.000 0.000 0.000 0.000 0.000 0.258 0.000 0.000 0.000 0.741 
194 WGN15D15    (0)    1 :  0.000 0.000 0.000 0.000 0.000 0.199 0.000 0.000 0.000 0.800 
195 WGN15D16    (0)    1 :  0.000 0.000 0.000 0.000 0.000 0.301 0.000 0.000 0.000 0.699 
196 WGN15D17    (0)    1 :  0.000 0.000 0.000 0.000 0.000 0.244 0.000 0.000 0.000 0.755 
197 WGN15D18    (0)    1 :  0.000 0.000 0.000 0.000 0.000 0.242 0.000 0.000 0.000 0.758 
198 WGN15D19    (0)    1 :  0.000 0.000 0.000 0.000 0.000 0.311 0.000 0.000 0.000 0.689 
199 WGN15D20    (0)    1 :  0.000 0.000 0.000 0.000 0.000 0.236 0.000 0.000 0.000 0.764 
200 WGN15D22    (0)    1 :  0.000 0.000 0.000 0.000 0.000 0.263 0.000 0.000 0.000 0.736 
201 WGN15D23    (0)    1 :  0.000 0.000 0.000 0.000 0.000 0.231 0.000 0.000 0.000 0.769 
202 WGN15D24    (0)    1 :  0.000 0.000 0.000 0.000 0.000 0.277 0.000 0.000 0.000 0.723 
203 WGN15D25    (0)    1 :  0.000 0.000 0.000 0.000 0.000 0.278 0.000 0.000 0.000 0.722 
204 WGN15D26    (0)    1 :  0.000 0.001 0.000 0.000 0.000 0.243 0.000 0.000 0.000 0.756 
205 WGN15D27    (0)    1 :  0.000 0.000 0.000 0.000 0.000 0.228 0.000 0.000 0.000 0.772 
206 WGN15D28    (0)    1 :  0.000 0.000 0.000 0.000 0.000 0.253 0.000 0.000 0.000 0.746 
207 WGN15D29    (0)    1 :  0.000 0.000 0.000 0.000 0.000 0.295 0.000 0.000 0.000 0.704 
208 WGN15D30    (0)    1 :  0.000 0.000 0.000 0.000 0.000 0.238 0.000 0.000 0.000 0.761 
209 WGN15D31    (0)    1 :  0.000 0.000 0.000 0.000 0.000 0.303 0.000 0.000 0.000 0.696 
210 WGN15D32    (0)    1 :  0.000 0.000 0.000 0.000 0.000 0.303 0.000 0.000 0.000 0.697 
211 WGN15D33    (0)    1 :  0.000 0.001 0.000 0.000 0.000 0.267 0.000 0.000 0.000 0.732 
212 WGN15D34    (0)    1 :  0.000 0.000 0.000 0.000 0.000 0.264 0.000 0.000 0.000 0.735 
213 WGN15D35    (0)    1 :  0.000 0.000 0.000 0.000 0.000 0.175 0.000 0.000 0.000 0.825 
214 WGN15D36    (0)    1 :  0.000 0.000 0.000 0.000 0.000 0.195 0.000 0.000 0.000 0.804 
215 WGN15D37    (0)    1 :  0.000 0.000 0.000 0.000 0.000 0.268 0.000 0.000 0.000 0.731 
216 WGN15D39    (0)    1 :  0.000 0.000 0.000 0.000 0.000 0.232 0.000 0.000 0.000 0.768 
217 WGN15D40    (0)    1 :  0.000 0.000 0.000 0.000 0.000 0.315 0.000 0.000 0.000 0.685 
218 WGN15D41    (0)    1 :  0.000 0.000 0.000 0.000 0.000 0.266 0.000 0.000 0.000 0.734 
219 WGN15D42    (0)    1 :  0.000 0.000 0.000 0.000 0.000 0.285 0.000 0.000 0.000 0.715 
220 WGN15D43    (0)    1 :  0.000 0.000 0.000 0.000 0.000 0.321 0.000 0.000 0.000 0.678 
221 WGN15D44    (0)    1 :  0.000 0.000 0.000 0.000 0.000 0.294 0.000 0.000 0.000 0.706 
222 WGN15D45    (0)    1 :  0.000 0.000 0.000 0.000 0.000 0.279 0.000 0.000 0.000 0.721 
223 WGN15D46    (0)    1 :  0.000 0.000 0.000 0.000 0.000 0.260 0.000 0.000 0.000 0.740 
224 WGN15D47    (0)    1 :  0.000 0.000 0.000 0.000 0.000 0.211 0.000 0.000 0.000 0.788 
225 WGN15D48    (0)    1 :  0.000 0.000 0.000 0.000 0.000 0.235 0.000 0.000 0.000 0.765 
226 WGN15D49    (0)    1 :  0.000 0.000 0.000 0.000 0.000 0.267 0.000 0.000 0.000 0.733 
227 WGN15D50    (0)    1 :  0.000 0.000 0.000 0.001 0.000 0.238 0.000 0.000 0.000 0.761 
228 WGN15D51    (0)    1 :  0.000 0.000 0.000 0.000 0.000 0.250 0.000 0.000 0.000 0.750 
229 WGN15D52    (0)    1 :  0.000 0.000 0.000 0.000 0.000 0.291 0.000 0.000 0.000 0.708 
230 WGN15D53    (0)    1 :  0.000 0.000 0.000 0.000 0.000 0.280 0.000 0.000 0.000 0.719 
231 WGN15D54    (0)    1 :  0.000 0.000 0.000 0.000 0.000 0.294 0.000 0.000 0.000 0.706 
232 WGN15D55    (0)    1 :  0.000 0.000 0.000 0.000 0.000 0.300 0.000 0.000 0.000 0.699 
233 WGN15D56    (0)    1 :  0.000 0.000 0.000 0.000 0.000 0.252 0.000 0.000 0.000 0.748 
234 WGN15D58    (0)    1 :  0.000 0.000 0.000 0.000 0.000 0.340 0.000 0.000 0.000 0.660 
235 WGN15D59    (0)    1 :  0.000 0.000 0.000 0.000 0.000 0.266 0.000 0.000 0.000 0.734 
236 WGN15D60    (0)    1 :  0.000 0.000 0.000 0.000 0.000 0.249 0.000 0.000 0.000 0.750 
237 WGN15D61    (0)    1 :  0.000 0.000 0.000 0.000 0.000 0.291 0.000 0.000 0.000 0.708 
238 WGN15D62    (0)    1 :  0.000 0.000 0.000 0.000 0.000 0.211 0.000 0.000 0.000 0.789 
239 WGN15D63    (0)    1 :  0.000 0.000 0.000 0.000 0.000 0.263 0.000 0.000 0.000 0.736 
240 WGN15D64    (0)    1 :  0.000 0.000 0.000 0.000 0.000 0.191 0.000 0.000 0.000 0.809 
241 WGN15D65    (0)    1 :  0.000 0.000 0.000 0.000 0.000 0.240 0.000 0.000 0.000 0.760 
242 WGN26C01    (0)    1 :  0.000 0.733 0.000 0.000 0.000 0.266 0.000 0.000 0.000 0.000 
243 WGN26C02    (0)    1 :  0.000 0.776 0.000 0.000 0.000 0.224 0.000 0.000 0.000 0.000 
244 WGN26C03    (0)    1 :  0.000 0.737 0.000 0.000 0.000 0.262 0.000 0.000 0.000 0.000 
245 WGN26C04    (0)    1 :  0.000 0.768 0.000 0.000 0.000 0.232 0.000 0.000 0.000 0.000 
246 WGN26C05    (0)    1 :  0.000 0.673 0.000 0.000 0.000 0.326 0.000 0.000 0.000 0.000 
247 WGN26C06    (0)    1 :  0.000 0.769 0.000 0.000 0.000 0.231 0.000 0.000 0.000 0.000 
248 WGN26C07    (0)    1 :  0.000 0.692 0.000 0.000 0.000 0.307 0.000 0.000 0.001 0.000 
249 WGN26C08    (0)    1 :  0.000 0.641 0.000 0.000 0.000 0.359 0.000 0.000 0.000 0.000 
250 WGN26C09    (0)    1 :  0.000 0.800 0.000 0.000 0.000 0.200 0.000 0.000 0.000 0.000 
251 WGN26C10    (0)    1 :  0.000 0.757 0.000 0.000 0.000 0.242 0.000 0.000 0.000 0.000 
252 WGN26C11    (0)    1 :  0.000 0.742 0.000 0.000 0.000 0.257 0.000 0.000 0.000 0.000 
253 WGN26C12    (0)    1 :  0.000 0.783 0.000 0.000 0.000 0.217 0.000 0.000 0.000 0.000 
254 WGN26C13    (0)    1 :  0.000 0.770 0.000 0.000 0.000 0.229 0.000 0.000 0.000 0.000 
255 WGN26C14    (0)    1 :  0.000 0.783 0.000 0.000 0.000 0.217 0.000 0.000 0.000 0.000 
256 WGN26C15    (0)    1 :  0.000 0.757 0.000 0.000 0.000 0.242 0.000 0.000 0.000 0.000 
257 WGN26C16    (0)    1 :  0.000 0.769 0.000 0.000 0.000 0.230 0.000 0.000 0.000 0.000 
258 WGN26C17    (0)    1 :  0.000 0.688 0.000 0.000 0.000 0.312 0.000 0.000 0.000 0.000 
259 WGN26C18    (0)    1 :  0.000 0.816 0.000 0.000 0.000 0.184 0.000 0.000 0.000 0.000 
260 WGN26C20    (0)    1 :  0.000 0.778 0.000 0.000 0.000 0.175 0.000 0.000 0.000 0.046 
261 WGN26C21    (0)    1 :  0.000 0.693 0.000 0.000 0.000 0.286 0.000 0.000 0.000 0.020 
262 WGN26C22    (0)    1 :  0.000 0.758 0.000 0.000 0.000 0.242 0.000 0.000 0.000 0.000 
263 WGN26C23    (0)    1 :  0.000 0.828 0.000 0.000 0.000 0.172 0.000 0.000 0.000 0.000 
264 WGN26C24    (0)    1 :  0.000 0.757 0.000 0.000 0.000 0.242 0.000 0.000 0.000 0.000 
265 WGN26C25    (0)    1 :  0.000 0.756 0.000 0.000 0.000 0.244 0.000 0.000 0.000 0.000 
266 WGN26C26    (0)    1 :  0.000 0.793 0.000 0.000 0.000 0.207 0.000 0.000 0.000 0.000 
267 WGN26C27    (0)    1 :  0.000 0.634 0.000 0.000 0.000 0.365 0.000 0.000 0.000 0.000 
268 WGN26C28    (0)    1 :  0.000 0.673 0.000 0.000 0.000 0.327 0.000 0.000 0.000 0.001 
269 WGN26C29    (0)    1 :  0.000 0.765 0.000 0.000 0.000 0.234 0.000 0.000 0.000 0.000 
270 WGN26C30    (0)    1 :  0.000 0.680 0.000 0.000 0.000 0.320 0.000 0.000 0.000 0.000 
271 WGN26C31    (0)    1 :  0.000 0.737 0.000 0.000 0.000 0.262 0.000 0.000 0.000 0.000 
272 WGN26C33    (0)    1 :  0.000 0.800 0.003 0.002 0.000 0.193 0.000 0.000 0.000 0.001 
273 WGN26C34    (0)    1 :  0.000 0.714 0.000 0.000 0.000 0.285 0.000 0.000 0.000 0.000 
274 WGN26C35    (0)    1 :  0.000 0.771 0.000 0.000 0.000 0.228 0.000 0.000 0.000 0.000 
275 WGN26C36    (0)    1 :  0.001 0.789 0.000 0.000 0.000 0.208 0.000 0.000 0.000 0.000 
276 WGN26C37    (0)    1 :  0.000 0.603 0.000 0.000 0.000 0.397 0.000 0.000 0.000 0.000 
277 WGN26C38    (0)    1 :  0.000 0.790 0.000 0.000 0.000 0.210 0.000 0.000 0.000 0.000 
278 WGN26C39    (0)    1 :  0.000 0.806 0.000 0.000 0.000 0.194 0.000 0.000 0.000 0.000 
279 WGN26C40    (0)    1 :  0.000 0.784 0.000 0.000 0.000 0.215 0.000 0.000 0.000 0.000 
280 WGN26C41    (0)    1 :  0.000 0.825 0.000 0.000 0.000 0.175 0.000 0.000 0.000 0.000 
281 WGN26C42    (0)    1 :  0.000 0.707 0.000 0.000 0.000 0.293 0.000 0.000 0.000 0.000 
282 WGN26C43    (0)    1 :  0.000 0.745 0.000 0.000 0.000 0.255 0.000 0.000 0.000 0.000 
283 WGN26C44    (0)    1 :  0.000 0.638 0.000 0.000 0.000 0.362 0.000 0.000 0.000 0.000 
284 WGN26C45    (0)    1 :  0.000 0.806 0.000 0.000 0.000 0.194 0.000 0.000 0.000 0.000 
285 WGN26C46    (0)    1 :  0.000 0.761 0.000 0.000 0.000 0.238 0.000 0.000 0.000 0.001 
286 WGN26C47    (0)    1 :  0.000 0.754 0.000 0.000 0.000 0.245 0.000 0.000 0.000 0.000 
287 WGN26C48    (0)    1 :  0.000 0.741 0.000 0.000 0.000 0.258 0.000 0.000 0.000 0.000 
288 WGN26C49    (0)    1 :  0.000 0.746 0.000 0.000 0.000 0.254 0.000 0.000 0.000 0.000 
289 WGN26C50    (0)    1 :  0.000 0.723 0.000 0.000 0.000 0.277 0.000 0.000 0.000 0.000 
290 WGN26C51    (0)    1 :  0.000 0.786 0.000 0.000 0.000 0.213 0.000 0.000 0.000 0.000 
291 WGN26C52    (0)    1 :  0.000 0.670 0.000 0.000 0.000 0.330 0.000 0.000 0.000 0.000 
292 WGN26C53    (0)    1 :  0.000 0.766 0.000 0.000 0.000 0.234 0.000 0.000 0.000 0.000 
293 WGN26C55    (0)    1 :  0.000 0.789 0.000 0.000 0.000 0.210 0.000 0.000 0.000 0.000 
294 WGN26C56    (0)    1 :  0.000 0.779 0.000 0.000 0.000 0.221 0.000 0.000 0.000 0.000 
295 WGN26C57    (0)    1 :  0.000 0.676 0.000 0.000 0.000 0.324 0.000 0.000 0.000 0.000 
296 WGN26C58    (0)    1 :  0.000 0.750 0.000 0.000 0.000 0.250 0.000 0.000 0.000 0.000 
297 WGN26C59    (0)    1 :  0.000 0.814 0.000 0.000 0.000 0.185 0.000 0.000 0.000 0.000 
298 WGN26C60    (0)    1 :  0.000 0.717 0.000 0.000 0.000 0.283 0.000 0.000 0.000 0.000 
299 WGN26C61    (0)    1 :  0.000 0.624 0.000 0.000 0.000 0.376 0.000 0.000 0.000 0.000 
300 WGN26C62    (0)    1 :  0.000 0.757 0.000 0.000 0.000 0.242 0.000 0.000 0.000 0.000 
301 WGN26C63    (0)    1 :  0.000 0.707 0.000 0.000 0.000 0.292 0.000 0.000 0.000 0.000 
302 WGN26C64    (0)    1 :  0.000 0.775 0.000 0.000 0.000 0.224 0.000 0.000 0.000 0.000 
303 WGN26C65    (0)    1 :  0.000 0.728 0.000 0.000 0.000 0.272 0.000 0.000 0.000 0.000 
304 WGN26D02    (0)    1 :  0.000 0.788 0.000 0.000 0.000 0.212 0.000 0.000 0.000 0.000 
305 WGN26D03    (0)    1 :  0.000 0.695 0.000 0.000 0.000 0.305 0.000 0.000 0.000 0.000 
306 WGN26D04    (0)    1 :  0.000 0.749 0.000 0.000 0.000 0.250 0.000 0.000 0.000 0.000 
307 WGN26D05    (0)    1 :  0.000 0.725 0.000 0.000 0.000 0.274 0.000 0.000 0.000 0.000 
308 WGN26D06    (0)    1 :  0.000 0.837 0.000 0.000 0.000 0.163 0.000 0.000 0.000 0.000 
309 WGN26D07    (0)    1 :  0.000 0.720 0.000 0.000 0.000 0.279 0.000 0.000 0.000 0.000 
310 WGN26D09    (0)    1 :  0.000 0.747 0.000 0.000 0.000 0.252 0.000 0.000 0.000 0.000 
311 WGN26D10    (0)    1 :  0.000 0.764 0.000 0.000 0.000 0.236 0.000 0.000 0.000 0.000 
312 WGN26D11    (0)    1 :  0.000 0.715 0.000 0.000 0.000 0.285 0.000 0.000 0.000 0.000 
313 WGN26D12    (0)    1 :  0.000 0.693 0.000 0.000 0.000 0.306 0.000 0.000 0.000 0.000 
314 WGN26D13    (0)    1 :  0.000 0.734 0.000 0.000 0.000 0.266 0.000 0.000 0.000 0.000 
315 WGN26D14    (0)    1 :  0.000 0.808 0.000 0.000 0.000 0.191 0.000 0.000 0.000 0.000 
316 WGN26D15    (0)    1 :  0.000 0.820 0.000 0.000 0.000 0.180 0.000 0.000 0.000 0.000 
317 WGN26D16    (0)    1 :  0.000 0.714 0.000 0.000 0.000 0.285 0.000 0.000 0.000 0.000 
318 WGN26D17    (0)    1 :  0.000 0.670 0.000 0.000 0.000 0.329 0.000 0.000 0.000 0.000 
319 WGN26D18    (0)    1 :  0.000 0.674 0.000 0.000 0.000 0.326 0.000 0.000 0.000 0.000 
320 WGN26D19    (0)    1 :  0.000 0.769 0.000 0.000 0.000 0.230 0.000 0.000 0.000 0.000 
321 WGN26D20    (0)    1 :  0.000 0.703 0.000 0.000 0.000 0.296 0.000 0.000 0.000 0.000 
322 WGN26D21    (0)    1 :  0.000 0.707 0.000 0.000 0.000 0.293 0.000 0.000 0.000 0.000 
323 WGN26D22    (0)    1 :  0.000 0.726 0.000 0.000 0.000 0.274 0.000 0.000 0.000 0.000 
324 WGN26D23    (0)    1 :  0.000 0.732 0.000 0.000 0.000 0.268 0.000 0.000 0.000 0.000 
325 WGN26D25    (0)    1 :  0.000 0.772 0.000 0.000 0.000 0.227 0.000 0.000 0.000 0.000 
326 WGN26D26    (0)    1 :  0.000 0.720 0.000 0.000 0.000 0.279 0.000 0.000 0.001 0.000 
327 WGN26D27    (0)    1 :  0.000 0.698 0.000 0.000 0.000 0.301 0.000 0.000 0.000 0.000 
328 WGN26D28    (0)    1 :  0.000 0.784 0.000 0.000 0.000 0.216 0.000 0.000 0.000 0.000 
329 WGN26D29    (0)    1 :  0.000 0.734 0.000 0.000 0.000 0.266 0.000 0.000 0.000 0.000 
330 WGN26D30    (0)    1 :  0.000 0.793 0.000 0.000 0.000 0.206 0.000 0.000 0.000 0.000 
331 WGN26D31    (0)    1 :  0.000 0.799 0.000 0.000 0.000 0.201 0.000 0.000 0.000 0.000 
332 WGN26D32    (0)    1 :  0.000 0.721 0.000 0.000 0.000 0.279 0.000 0.000 0.000 0.000 
333 WGN26D33    (0)    1 :  0.000 0.763 0.000 0.000 0.000 0.237 0.000 0.000 0.000 0.000 
334 WGN26D34    (0)    1 :  0.000 0.721 0.000 0.000 0.000 0.278 0.000 0.000 0.000 0.000 
335 WGN26D36    (0)    1 :  0.000 0.709 0.000 0.000 0.000 0.291 0.000 0.000 0.000 0.000 
336 WGN26D37    (0)    1 :  0.000 0.743 0.000 0.000 0.000 0.257 0.000 0.000 0.000 0.000 
337 WGN26D38    (0)    1 :  0.000 0.676 0.000 0.000 0.000 0.324 0.000 0.000 0.000 0.000 
338 WGN26D39    (0)    1 :  0.000 0.730 0.000 0.000 0.000 0.269 0.000 0.000 0.000 0.000 
339 WGN26D40    (0)    1 :  0.000 0.723 0.000 0.000 0.000 0.277 0.000 0.000 0.000 0.000 
340 WGN26D41    (0)    1 :  0.000 0.769 0.000 0.000 0.000 0.231 0.000 0.000 0.000 0.000 
341 WGN26D43    (0)    1 :  0.000 0.693 0.000 0.000 0.000 0.306 0.000 0.000 0.000 0.000 
342 WGN26D44    (0)    1 :  0.000 0.741 0.000 0.000 0.000 0.259 0.000 0.000 0.000 0.000 
343 WGN26D45    (0)    1 :  0.000 0.705 0.000 0.000 0.000 0.294 0.000 0.000 0.000 0.000 
344 WGN26D46    (0)    1 :  0.000 0.763 0.000 0.000 0.000 0.237 0.000 0.000 0.000 0.000 
345 WGN26D47    (0)    1 :  0.000 0.711 0.000 0.000 0.000 0.288 0.000 0.000 0.000 0.000 
346 WGN26D48    (0)    1 :  0.000 0.823 0.000 0.000 0.000 0.177 0.000 0.000 0.000 0.000 
347 WGN26D49    (0)    1 :  0.000 0.698 0.000 0.000 0.000 0.302 0.000 0.000 0.000 0.000 
348 WGN26D50    (0)    1 :  0.000 0.700 0.000 0.000 0.000 0.300 0.000 0.000 0.000 0.000 
349 WGN26D51    (0)    1 :  0.000 0.714 0.000 0.000 0.000 0.285 0.000 0.000 0.000 0.000 
350 WGN26D52    (0)    1 :  0.000 0.733 0.000 0.000 0.000 0.266 0.000 0.000 0.000 0.000 
351 WGN26D53    (0)    1 :  0.000 0.745 0.000 0.000 0.000 0.254 0.000 0.000 0.000 0.000 
352 WGN26D54    (0)    1 :  0.000 0.623 0.000 0.000 0.000 0.377 0.000 0.000 0.000 0.000 
353 WGN26D56    (0)    1 :  0.000 0.717 0.000 0.000 0.000 0.283 0.000 0.000 0.000 0.000 
354 WGN26D57    (0)    1 :  0.000 0.771 0.000 0.000 0.000 0.229 0.000 0.000 0.000 0.000 
355 WGN26D58    (0)    1 :  0.000 0.715 0.000 0.000 0.000 0.284 0.000 0.000 0.000 0.000 
356 WGN26D59    (0)    1 :  0.000 0.762 0.000 0.000 0.000 0.238 0.000 0.000 0.000 0.000 
357 WGN26D60    (0)    1 :  0.000 0.751 0.000 0.000 0.000 0.249 0.000 0.000 0.000 0.000 
358 WGN26D61    (0)    1 :  0.000 0.740 0.000 0.000 0.000 0.260 0.000 0.000 0.000 0.000 
359 WGN26D62    (0)    1 :  0.000 0.677 0.000 0.000 0.000 0.322 0.000 0.000 0.000 0.000 
360 WGN26D63    (0)    1 :  0.000 0.686 0.000 0.000 0.000 0.313 0.000 0.000 0.000 0.000 
361 WGN26D64    (0)    1 :  0.000 0.741 0.000 0.000 0.000 0.259 0.000 0.000 0.000 0.000 
362 WGN26D65    (0)    1 :  0.000 0.713 0.000 0.000 0.000 0.287 0.000 0.000 0.000 0.000 
363 WGN36C01    (0)    1 :  0.731 0.000 0.000 0.000 0.000 0.269 0.000 0.000 0.000 0.000 
364 WGN36C03    (0)    1 :  0.790 0.000 0.000 0.000 0.000 0.209 0.000 0.000 0.000 0.000 
365 WGN36C04    (0)    1 :  0.737 0.000 0.000 0.000 0.000 0.263 0.000 0.000 0.000 0.000 
366 WGN36C05    (0)    1 :  0.786 0.000 0.000 0.000 0.000 0.214 0.000 0.000 0.000 0.000 
367 WGN36C06    (0)    1 :  0.776 0.000 0.000 0.000 0.000 0.224 0.000 0.000 0.000 0.000 
368 WGN36C07    (0)    1 :  0.732 0.000 0.000 0.000 0.000 0.267 0.000 0.000 0.000 0.000 
369 WGN36C08    (0)    1 :  0.693 0.000 0.000 0.000 0.000 0.306 0.000 0.000 0.000 0.000 
370 WGN36C09    (0)    1 :  0.716 0.000 0.000 0.000 0.000 0.283 0.000 0.000 0.000 0.000 
371 WGN36C10    (0)    1 :  0.691 0.000 0.000 0.000 0.000 0.309 0.000 0.000 0.000 0.000 
372 WGN36C11    (0)    1 :  0.843 0.000 0.000 0.000 0.000 0.156 0.000 0.000 0.000 0.000 
373 WGN36C12    (0)    1 :  0.788 0.000 0.000 0.000 0.000 0.211 0.000 0.000 0.000 0.000 
374 WGN36C14    (0)    1 :  0.815 0.000 0.000 0.000 0.000 0.184 0.000 0.000 0.000 0.000 
375 WGN36C16    (0)    1 :  0.736 0.000 0.000 0.000 0.000 0.263 0.000 0.000 0.000 0.000 
376 WGN36C17    (0)    1 :  0.760 0.000 0.000 0.000 0.000 0.240 0.000 0.000 0.000 0.000 
377 WGN36C18    (0)    1 :  0.685 0.000 0.000 0.000 0.000 0.314 0.000 0.000 0.000 0.000 
378 WGN36C19    (0)    1 :  0.783 0.000 0.000 0.000 0.000 0.216 0.000 0.000 0.000 0.000 
379 WGN36C20    (0)    1 :  0.730 0.000 0.000 0.000 0.000 0.269 0.000 0.000 0.000 0.000 
380 WGN36C21    (0)    1 :  0.676 0.000 0.000 0.000 0.000 0.324 0.000 0.000 0.000 0.000 
381 WGN36C22    (0)    1 :  0.783 0.000 0.000 0.000 0.000 0.217 0.000 0.000 0.000 0.000 
382 WGN36C23    (0)    1 :  0.684 0.000 0.000 0.000 0.000 0.316 0.000 0.000 0.000 0.000 
383 WGN36C24    (0)    1 :  0.698 0.000 0.000 0.000 0.000 0.301 0.000 0.000 0.000 0.000 
384 WGN36C25    (0)    1 :  0.784 0.000 0.000 0.000 0.000 0.215 0.000 0.000 0.000 0.000 
385 WGN36C26    (0)    1 :  0.733 0.000 0.000 0.000 0.000 0.266 0.000 0.000 0.000 0.000 
386 WGN36C27    (0)    1 :  0.780 0.000 0.000 0.000 0.000 0.220 0.000 0.000 0.000 0.000 
387 WGN36C28    (0)    1 :  0.827 0.000 0.000 0.000 0.000 0.172 0.000 0.000 0.000 0.000 
388 WGN36C29    (0)    1 :  0.779 0.000 0.000 0.000 0.000 0.221 0.000 0.000 0.000 0.000 
389 WGN36C30    (0)    1 :  0.895 0.000 0.000 0.000 0.000 0.104 0.000 0.000 0.000 0.000 
390 WGN36C33    (0)    1 :  0.765 0.000 0.000 0.000 0.000 0.235 0.000 0.000 0.000 0.000 
391 WGN36C35    (0)    1 :  0.822 0.000 0.000 0.000 0.000 0.177 0.000 0.000 0.000 0.000 
392 WGN36C36    (0)    1 :  0.694 0.000 0.000 0.000 0.000 0.305 0.000 0.000 0.000 0.000 
393 WGN36C39    (0)    1 :  0.857 0.000 0.000 0.000 0.000 0.142 0.000 0.000 0.000 0.000 
394 WGN36C40    (0)    1 :  0.765 0.000 0.000 0.000 0.000 0.235 0.000 0.000 0.000 0.000 
395 WGN36C41    (0)    1 :  0.788 0.000 0.000 0.000 0.000 0.211 0.000 0.000 0.000 0.000 
396 WGN36C42    (0)    1 :  0.760 0.000 0.000 0.000 0.000 0.240 0.000 0.000 0.000 0.000 
397 WGN36C43    (0)    1 :  0.682 0.000 0.000 0.000 0.000 0.318 0.000 0.000 0.000 0.000 
398 WGN36C44    (0)    1 :  0.801 0.000 0.000 0.000 0.000 0.199 0.000 0.000 0.000 0.000 
399 WGN36C45    (0)    1 :  0.782 0.000 0.000 0.000 0.000 0.217 0.000 0.000 0.000 0.000 
400 WGN36C47    (0)    1 :  0.774 0.000 0.000 0.000 0.000 0.226 0.000 0.000 0.000 0.000 
401 WGN36C48    (0)    1 :  0.688 0.000 0.000 0.000 0.000 0.311 0.000 0.000 0.000 0.000 
402 WGN36C49    (0)    1 :  0.732 0.000 0.000 0.000 0.000 0.267 0.000 0.000 0.000 0.000 
403 WGN36C50    (0)    1 :  0.771 0.000 0.000 0.000 0.000 0.228 0.000 0.000 0.000 0.000 
404 WGN36C53    (0)    1 :  0.731 0.000 0.000 0.000 0.000 0.268 0.000 0.000 0.000 0.000 
405 WGN36C54    (0)    1 :  0.808 0.000 0.000 0.001 0.000 0.190 0.000 0.000 0.000 0.000 
406 WGN36C55    (0)    1 :  0.774 0.000 0.000 0.000 0.000 0.225 0.000 0.000 0.000 0.000 
407 WGN36C59    (0)    1 :  0.795 0.000 0.000 0.000 0.000 0.204 0.000 0.000 0.000 0.000 
408 WGN36C60    (0)    1 :  0.734 0.000 0.000 0.000 0.000 0.266 0.000 0.000 0.000 0.000 
409 WGN36C61    (0)    1 :  0.781 0.000 0.000 0.000 0.000 0.218 0.000 0.000 0.000 0.000 
410 WGN36C62    (0)    1 :  0.825 0.000 0.000 0.000 0.000 0.175 0.000 0.000 0.000 0.000 
411 WGN36C63    (0)    1 :  0.810 0.000 0.000 0.000 0.000 0.190 0.000 0.000 0.000 0.000 
412 WGN36C64    (0)    1 :  0.732 0.000 0.000 0.000 0.000 0.267 0.000 0.000 0.000 0.000 
413 WGN36C65    (0)    1 :  0.792 0.000 0.000 0.000 0.000 0.208 0.000 0.000 0.000 0.000 
414 WGN36D01    (0)    1 :  0.788 0.000 0.000 0.000 0.000 0.211 0.000 0.000 0.000 0.000 
